For query: Drug company bankruptcies with k1=1.2 and b=0.75
[ 
16771, 
4050, 
8209, 
16994, 
13764, 
9542, 
1805, 
6089, 
21239, 
3577, 
17520, 
18716, 
3328, 
19640, 
6544, 
11585, 
10026, 
11434, 
17604, 
16219, 
7125, 
19720, 
20953, 
21348, 
14401, 
11313, 
9262, 
3176, 
3106, 
1819, 
1391, 
2868, 
11525, 
12242, 
21069, 
4435, 
21051, 
14165, 
3297, 
19580, 
11553, 
17526, 
6608, 
3756, 
3776, 
8789, 
9331, 
9546, 
15257, 
18059, 
9085, 
5319, 
8333, 
9579, 
9585, 
3151, 
6553, 
8813, 
2679, 
18792, 
16692, 
18196, 
696, 
19885, 
2271, 
17495, 
16508, 
12461, 
19736, 
17690, 
826, 
17514, 
3589, 
13489, 
192, 
19678, 
9342, 
7940, 
9633, 
8384, 
7260, 
4917, 
7163, 
4877, 
16032, 
18808, 
730, 
20892, 
19292, 
5711, 
2242, 
10554, 
19479, 
17680, 
17959, 
6996, 
7753, 
21251, 
4295, 
1289, 
9376, 
587, 
412, 
12888, 
20449, 
18175, 
19805, 
4871, 
20679, 
8830, 
6174, 
1501, 
13043, 
19953, 
21210, 
6203, 
7111, 
14903, 
18925, 
12544, 
20806, 
18951, 
384, 
1126, 
20686, 
11105, 
20588, 
3175, 
19942, 
2884, 
11646, 
20536, 
10413, 
4274, 
3769, 
3759, 
1575, 
34, 
9553, 
18288, 
11533, 
12021, 
683, 
3722, 
15355, 
10307, 
3753, 
10794, 
9593, 
1419, 
6224, 
1447, 
5397, 
8330, 
1917, 
16042, 
18589, 
11505, 
18138, 
11637, 
1297, 
4336, 
19350, 
20965, 
7165, 
8863, 
18962, 
12050, 
1237, 
7704, 
8923, 
809, 
3212, 
19908, 
7442, 
21376, 
2628, 
5465, 
6059, 
21156, 
1757, 
7073, 
17174, 
18786, 
7399, 
15169, 
3227, 
18301, 
18173, 
20268, 
21213, 
4996, 
10236, 
10477, 
12933, 
9388, 
10114, 
11581, 
4539, 
6527, 
17571, 
2219, 
18575, 
11550, 
14072, 
1228, 
5117, 
7648, 
7808, 
20405, 
18287, 
7094, 
8945, 
17744, 
9945, 
13101, 
13107, 
16326, 
5482, 
729, 
11432, 
19144, 
21400, 
2299, 
4798, 
7172, 
15776, 
16709, 
17596, 
20732, 
18343, 
11374, 
21382, 
3733, 
4846, 
5093, 
8450, 
15993, 
20663, 
20725, 
1718, 
18607, 
7898, 
11482, 
11563, 
21089, 
11147, 
19481, 
18084, 
1464, 
2897, 
7110, 
8721, 
9075, 
3424, 
5580, 
16583, 
1430, 
6220, 
8322, 
19326, 
17013, 
21241, 
15332, 
14527, 
15210, 
9962, 
6282, 
18759, 
10549, 
15005, 
15585, 
19886, 
1028, 
11651, 
19095, 
8280, 
16861, 
3619, 
1340, 
5562, 
10363, 
14395, 
1760, 
3658, 
6855, 
7147, 
15174, 
5377, 
17029, 
17695, 
20895, 
9072, 
1043, 
3118, 
7179, 
17081, 
4182, 
11107, 
19411, 
20199, 
10041, 
10182, 
15404, 
20693, 
21078, 
2418, 
6009, 
8419, 
9057, 
18016, 
19584, 
1737, 
4894, 
9507, 
17317, 
20670, 
936, 
2422, 
5728, 
19729, 
21057, 
17414, 
775, 
3777, 
17691, 
19919, 
15091, 
1296, 
10198, 
12868, 
15663, 
16639, 
18088, 
20495, 
18334, 
10986, 
19298, 
6479, 
17921, 
6157, 
481, 
5119, 
15700, 
7890, 
9561, 
18135, 
3102, 
7866, 
9329, 
9744, 
9898, 
9990, 
18157, 
19820, 
20819, 
3699, 
5712, 
20841, 
11029, 
6769, 
7380, 
10441, 
10941, 
15225, 
13904, 
16333, 
16353, 
2160, 
3410, 
15275, 
1150, 
1647, 
10446, 
21070, 
20698, 
6321, 
8235, 
10400, 
16880, 
18027, 
19917, 
6806, 
19567, 
5456, 
3588, 
15213, 
12310, 
2943, 
20734, 
1534, 
11715, 
6737, 
19762, 
19786, 
9181, 
18576, 
18764, 
3242, 
23, 
1321, 
4175, 
6332, 
7362, 
7997, 
20513, 
20585, 
380, 
10485, 
5739, 
15335, 
18714, 
17573, 
8716, 
11793, 
14177, 
3587, 
2039, 
7433, 
17019, 
18390, 
19578, 
11130, 
4806, 
15967, 
21313, 
3213, 
7116, 
2538, 
18624, 
4535, 
6721, 
8711, 
4369, 
5104, 
570, 
19363, 
18220, 
12118, 
3744, 
7372, 
8949, 
12100, 
14556, 
15081, 
3287, 
9403, 
5094, 
5935, 
7615, 
8697, 
679, 
4161, 
8507, 
9392, 
12783, 
16011, 
16373, 
19864, 
1241, 
2831, 
18182, 
20752, 
12550, 
15270, 
9465, 
1123, 
16259, 
18269, 
18932, 
16151, 
2924, 
10145, 
12441, 
9569, 
641, 
741, 
1801, 
2724, 
3215, 
5673, 
7697, 
11328, 
15963, 
1960, 
7778, 
12803, 
7671, 
11672, 
1497, 
1561, 
2682, 
8298, 
8811, 
12671, 
19750, 
2260, 
17120, 
10548, 
5696, 
653, 
5409, 
5659, 
9338, 
10818, 
15882, 
16467, 
2284, 
5899, 
10105, 
8000, 
4214, 
18440, 
553, 
2461, 
3544, 
11221, 
14574, 
18192, 
19214, 
20827, 
21083, 
17435, 
13023, 
1015, 
448, 
4364, 
11438, 
5340, 
6763, 
7897, 
11631, 
12949, 
11726, 
12317, 
18796, 
1860, 
6863, 
18767, 
21309, 
3115, 
15465, 
18239, 
18327, 
18773, 
19335, 
20710, 
11985, 
3271, 
6117, 
9035, 
9618, 
2520, 
6430, 
12095, 
18736, 
19984, 
21009, 
15592, 
18861, 
20906, 
6121, 
9269, 
16408, 
16575, 
19030, 
19774, 
3119, 
3214, 
3882, 
8479, 
10252, 
14399, 
15970, 
19312, 
17099, 
16906, 
4510, 
5454, 
8525, 
9090, 
11641, 
14519, 
15036, 
17360, 
18963, 
19325, 
19423, 
20323, 
20530, 
4107, 
19799, 
12127, 
16272, 
497, 
2473, 
2812, 
2815, 
3956, 
5569, 
10507, 
17854, 
18254, 
5480, 
20311, 
15569, 
18628, 
19751, 
11025, 
5755, 
755, 
2062, 
5091, 
5605, 
10985, 
17546, 
18042, 
12146, 
9002, 
9373, 
20994, 
6944, 
7024, 
19105, 
7965, 
551, 
5653, 
451, 
1522, 
5675, 
8221, 
8480, 
15397, 
18910, 
19863, 
11717, 
8482, 
17475, 
19385, 
2265, 
4386, 
6638, 
6717, 
11988, 
12060, 
12926, 
16452, 
20815, 
3344, 
7291, 
14080, 
1232, 
3873, 
9539, 
5763, 
8231, 
8285, 
11054, 
13546, 
15796, 
16024, 
16621, 
19372, 
21467, 
10975, 
16557, 
1046, 
4447, 
14894, 
21466, 
472, 
2306, 
3307, 
5401, 
16510, 
17184, 
17973, 
18218, 
19633, 
20547, 
20641, 
21306, 
1132, 
21347, 
11321, 
19351, 
9283, 
9382, 
3899, 
13125, 
779, 
3623, 
3736, 
5011, 
5921, 
6818, 
9929, 
10900, 
19227, 
19442, 
20375, 
5116, 
9462, 
9590, 
437, 
2057, 
14071, 
8328, 
15974, 
1463, 
1673, 
4957, 
6319, 
10570, 
11613, 
12636, 
13870, 
18314, 
18896, 
19703, 
9443, 
21332, 
19767, 
8541, 
10222, 
15602, 
88, 
1294, 
1687, 
6749, 
9984, 
12007, 
12503, 
18387, 
18388, 
19173, 
21417, 
45, 
5071, 
10555, 
12432, 
5135, 
14933, 
15413, 
7041, 
18650, 
2846, 
3400, 
5689, 
7680, 
9387, 
10571, 
11396, 
11999, 
16548, 
19696, 
19894, 
21005, 
6503, 
6560, 
7617, 
7107, 
2534, 
13146, 
3742, 
11743, 
4837, 
7736, 
7874, 
8365, 
8435, 
12526, 
13109, 
18950, 
21249, 
21462, 
11074, 
16169, 
157, 
3069, 
7810, 
15122, 
10237, 
18774, 
556, 
2177, 
3915, 
3920, 
6651, 
10528, 
11206, 
13835, 
16689, 
17388, 
17977, 
18966, 
19621, 
21294, 
21454, 
4943, 
1316, 
3026, 
19926, 
6113, 
16988, 
4231, 
4848, 
5443, 
13142, 
17425, 
21079, 
2318, 
3547, 
11395, 
19937, 
18098, 
90, 
847, 
4520, 
4784, 
11345, 
11933, 
14823, 
20510, 
21314, 
7938, 
9927, 
10167, 
10867, 
10, 
4464, 
4886, 
5403, 
7514, 
10841, 
11039, 
14561, 
19967, 
20627, 
3797, 
4425, 
17846, 
17960, 
12917, 
2193, 
3714, 
7378, 
8014, 
9297, 
10483, 
17626, 
18640, 
11492, 
20216, 
6699, 
752, 
2159, 
7727, 
7816, 
15317, 
17361, 
17968, 
18900, 
19695, 
20758, 
4252, 
6182, 
9172, 
13435, 
20560, 
13080, 
3413, 
5177, 
547, 
3236, 
4406, 
5487, 
7112, 
9259, 
11342, 
16235, 
19120, 
19670, 
8962, 
10110, 
19955, 
20326, 
14937, 
5065, 
3393, 
5641, 
6096, 
11509, 
16038, 
19943, 
5286, 
10473, 
3380, 
13966, 
12277, 
12250, 
15121, 
3063, 
3071, 
3739, 
9424, 
10790, 
12881, 
14926, 
15516, 
15698, 
16516, 
18063, 
6085, 
20346, 
21546, 
17513, 
17551, 
3664, 
8971, 
1001, 
1374, 
5642, 
5737, 
7379, 
8411, 
8538, 
9668, 
12546, 
14978, 
15478, 
16156, 
16791, 
17253, 
18820, 
9950, 
21333, 
12676, 
15786, 
16611, 
16661, 
9355, 
5643, 
469, 
1833, 
4163, 
6910, 
10069, 
11926, 
21270, 
21534, 
10095, 
18031, 
19948, 
16636, 
5120, 
2673, 
2854, 
4368, 
4997, 
5708, 
12894, 
16043, 
18635, 
18729, 
19847, 
10822, 
19688, 
6726, 
5525, 
11386, 
1665, 
11232, 
12181, 
543, 
3250, 
5660, 
6841, 
8383, 
9108, 
9666, 
12368, 
12425, 
12578, 
12759, 
17641, 
20505, 
20956, 
1336, 
3174, 
4970, 
5026, 
6968, 
9869, 
19066, 
15238, 
1509, 
6087, 
18588, 
2180, 
2374, 
3810, 
4922, 
7085, 
11473, 
11650, 
12358, 
17011, 
20683, 
20967, 
1864, 
6849, 
18940, 
19073, 
7064, 
17671, 
2428, 
2710, 
3932, 
5942, 
6539, 
9645, 
10067, 
11440, 
13171, 
15783, 
16444, 
18227, 
3072, 
11451, 
11497, 
6473, 
650, 
3437, 
5924, 
10348, 
11042, 
11559, 
11708, 
14087, 
17958, 
19691, 
17612, 
16261, 
18036, 
8776, 
12672, 
18853, 
20519, 
16277, 
18213, 
1886, 
6111, 
6884, 
7673, 
12236, 
12529, 
12905, 
14056, 
15597, 
15837, 
18169, 
20777, 
5552, 
14572, 
8632, 
3142, 
16986, 
1380, 
3052, 
3066, 
3706, 
3937, 
5623, 
6630, 
7639, 
9594, 
10490, 
11814, 
12867, 
15616, 
17182, 
18212, 
19452, 
20555, 
4105, 
5086, 
10445, 
1339, 
3727, 
4556, 
4568, 
5423, 
7136, 
9109, 
10310, 
10572, 
11400, 
12873, 
17872, 
19596, 
7903, 
10472, 
11680, 
446, 
963, 
2311, 
2912, 
5385, 
16742, 
19469, 
19959, 
20307, 
20352, 
1133, 
10221, 
10978, 
13030, 
2516, 
19192, 
19683, 
4772, 
785, 
5828, 
6056, 
6929, 
9337, 
11413, 
16700, 
15571, 
12203, 
2791, 
18684, 
20751, 
5075, 
5353, 
8224, 
8336, 
11677, 
12090, 
12573, 
13826, 
15047, 
16117, 
16547, 
18237, 
20594, 
6689, 
435, 
12962, 
16592, 
10875, 
724, 
8804, 
9872, 
11008, 
11251, 
12165, 
15093, 
18682, 
19381, 
19737, 
20781, 
2045, 
14977, 
15557, 
1491, 
3890, 
12034, 
15, 
3381, 
4269, 
5713, 
9726, 
10404, 
10949, 
12225, 
14601, 
18117, 
18240, 
18872, 
19837, 
20489, 
21402, 
11763, 
3403, 
7370, 
7466, 
11433, 
17631, 
18215, 
20503, 
7240, 
19259, 
2855, 
8006, 
8462, 
9064, 
12586, 
19946, 
15438, 
11891, 
18663, 
1822, 
3166, 
5088, 
8148, 
13121, 
16369, 
19622, 
20406, 
21060, 
17324, 
9458, 
4075, 
8761, 
12981, 
1192, 
1500, 
6761, 
6773, 
8996, 
19650, 
21144, 
1831, 
5209, 
6778, 
8539, 
9330, 
12682, 
14930, 
17009, 
18554, 
19477, 
16634, 
19026, 
8940, 
10219, 
1266, 
3017, 
7701, 
12048, 
19116, 
20549, 
376, 
439, 
1381, 
2322, 
3126, 
4580, 
7616, 
7982, 
10042, 
18260, 
18965, 
19190, 
1278, 
2378, 
2464, 
6795, 
13079, 
18528, 
20709, 
4690, 
8010, 
11324, 
15982, 
7687, 
11081, 
16643, 
2663, 
4591, 
4908, 
9601, 
12221, 
14267, 
20276, 
21398, 
12878, 
9549, 
17873, 
18658, 
19724, 
19952, 
2559, 
3412, 
17518, 
17597, 
17705, 
20584, 
20619, 
6039, 
6214, 
6614, 
11187, 
17723, 
18248, 
18601, 
8704, 
14736, 
18229, 
5889, 
6098, 
7042, 
15312, 
18147, 
21493, 
2081, 
5868, 
8526, 
186, 
2131, 
10427, 
10849, 
12862, 
19317, 
20506, 
20647, 
20818, 
1562, 
9242, 
12890, 
17110, 
21065, 
4367, 
2435, 
4651, 
4718, 
12083, 
8406, 
9390, 
11094, 
12515, 
13052, 
14141, 
18094, 
18685, 
9047, 
2802, 
18752, 
184, 
1748, 
3848, 
5540, 
8562, 
9644, 
11583, 
17749, 
18262, 
18406, 
19743, 
568, 
6740, 
6784, 
7708, 
20905, 
5005, 
545, 
14852, 
1047, 
17713, 
1315, 
9350, 
757, 
2722, 
3008, 
11410, 
12288, 
12854, 
17016, 
20372, 
20423, 
21022, 
18026, 
1903, 
3466, 
9031, 
18209, 
19051, 
3743, 
9437, 
18941, 
5445, 
733, 
17833, 
20540, 
7361, 
13263, 
2470, 
8449, 
1196, 
1566, 
5504, 
5607, 
5876, 
6812, 
9570, 
18116, 
19166, 
19731, 
19784, 
681, 
1077, 
2797, 
6126, 
7400, 
9528, 
11041, 
12190, 
17640, 
20008, 
3230, 
5793, 
1456, 
11714, 
13865, 
6558, 
15020, 
1240, 
2800, 
3945, 
5977, 
20429, 
20491, 
20603, 
15511, 
15994, 
9440, 
323, 
1581, 
7939, 
17693, 
12487, 
16354, 
9583, 
15160, 
15349, 
8650, 
11078, 
19364, 
2292, 
5579, 
6020, 
7209, 
8463, 
9114, 
10479, 
10833, 
11728, 
12125, 
13714, 
14541, 
16338, 
17566, 
17728, 
17752, 
19172, 
19453, 
19632, 
20413, 
21183, 
21299, 
20690, 
7332, 
11223, 
11737, 
372, 
705, 
9323, 
16997, 
9639, 
1502, 
13259, 
15308, 
19037, 
21287, 
2314, 
3123, 
3203, 
3274, 
3395, 
3939, 
4492, 
5348, 
6276, 
9881, 
11484, 
11730, 
12944, 
14582, 
15612, 
15896, 
18720, 
20390, 
20707, 
12496, 
4546, 
18204, 
4951, 
2127, 
14697, 
16044, 
4160, 
6719, 
1052, 
12870, 
16489, 
19108, 
19687, 
134, 
520, 
865, 
4325, 
7340, 
7814, 
9497, 
10086, 
13708, 
14752, 
15007, 
15113, 
16652, 
17006, 
21134, 
1756, 
8471, 
13227, 
5125, 
8791, 
12282, 
13068, 
2803, 
20811, 
119, 
1334, 
2070, 
2237, 
6467, 
7949, 
8558, 
9431, 
9474, 
10112, 
11156, 
12575, 
13808, 
14328, 
16616, 
17832, 
19188, 
20638, 
21133, 
2097, 
4485, 
7481, 
10994, 
14513, 
17483, 
17855, 
20354, 
20910, 
3269, 
12284, 
16087, 
20783, 
20285, 
1778, 
10887, 
10969, 
660, 
763, 
1451, 
2829, 
2905, 
4300, 
4371, 
6532, 
6597, 
6697, 
10574, 
11735, 
12929, 
15008, 
17530, 
18691, 
19154, 
20301, 
20765, 
17605, 
11599, 
17148, 
15370, 
401, 
6877, 
8959, 
10715, 
12216, 
17646, 
11600, 
5473, 
2398, 
6663, 
6731, 
7691, 
7698, 
9006, 
10387, 
10865, 
11267, 
12551, 
14535, 
15282, 
19647, 
1105, 
9779, 
11262, 
14070, 
15107, 
16657, 
18149, 
18547, 
1771, 
5295, 
6112, 
3725, 
4942, 
4948, 
15861, 
4906, 
17862, 
13656, 
21147, 
764, 
1609, 
2111, 
2581, 
3857, 
4065, 
4523, 
5296, 
5937, 
6011, 
7239, 
9481, 
10509, 
10566, 
10590, 
11051, 
11405, 
12313, 
14417, 
15116, 
15850, 
16881, 
16883, 
17699, 
18805, 
18884, 
19143, 
19763, 
19857, 
19933, 
20481, 
21360, 
1208, 
8510, 
2444, 
18712, 
4017, 
6592, 
18199, 
10435, 
16059, 
16875, 
17164, 
10317, 
2911, 
3812, 
6291, 
6327, 
8037, 
8504, 
9070, 
9504, 
11110, 
11117, 
15087, 
15320, 
16057, 
18032, 
18291, 
18708, 
20386, 
4926, 
5541, 
12463, 
21408, 
17700, 
685, 
967, 
7408, 
11615, 
7382, 
10955, 
11358, 
12536, 
12725, 
8960, 
6811, 
16447, 
1161, 
1235, 
3346, 
4322, 
5096, 
5593, 
5854, 
7293, 
7334, 
8455, 
8924, 
10516, 
11657, 
12385, 
16049, 
16446, 
17124, 
19248, 
19462, 
19714, 
20820, 
11520, 
3936, 
8472, 
11829, 
12029, 
7801, 
7959, 
18696, 
1628, 
3823, 
3826, 
4779, 
5440, 
5714, 
6278, 
6662, 
6678, 
8797, 
9467, 
10817, 
10850, 
12045, 
12137, 
14553, 
14587, 
14630, 
15196, 
16620, 
18859, 
18898, 
19113, 
19137, 
19347, 
20188, 
20210, 
20589, 
21397, 
9665, 
18967, 
5226, 
15345, 
14184, 
12365, 
9914, 
11841, 
13184, 
13854, 
6180, 
9544, 
116, 
1243, 
1775, 
2434, 
5430, 
9236, 
10820, 
12674, 
12902, 
14536, 
15131, 
15183, 
18863, 
19236, 
19443, 
19669, 
20451, 
20456, 
8418, 
11929, 
17507, 
18339, 
11044, 
13112, 
8766, 
11032, 
11916, 
15810, 
2735, 
552, 
1189, 
1654, 
2254, 
2274, 
3710, 
4339, 
4615, 
4976, 
5067, 
6710, 
7138, 
7183, 
7245, 
7497, 
8380, 
8432, 
9341, 
10019, 
10159, 
10249, 
11068, 
11428, 
12721, 
14668, 
15971, 
16532, 
16877, 
17679, 
18179, 
18211, 
19303, 
19915, 
20479, 
20832, 
5486, 
7397, 
16233, 
21461, 
16840, 
17778, 
2476, 
10502, 
11962, 
17653, 
25, 
1172, 
1505, 
2225, 
2485, 
4428, 
4438, 
4826, 
5023, 
10152, 
10922, 
11855, 
12625, 
13104, 
15155, 
15593, 
16421, 
16465, 
17831, 
17838, 
18611, 
18922, 
18956, 
19215, 
19345, 
19718, 
19826, 
20466, 
18688, 
5512, 
9454, 
14742, 
496, 
15835, 
8414, 
12858, 
670, 
1810, 
2120, 
5357, 
7699, 
10096, 
10612, 
12630, 
12707, 
14761, 
15463, 
16037, 
17710, 
18386, 
19874, 
19905, 
20602, 
20733, 
20812, 
2762, 
17096, 
19067, 
5834, 
7164, 
11822, 
15789, 
16010, 
19673, 
4878, 
1678, 
1891, 
1966, 
2079, 
3845, 
4776, 
4853, 
4980, 
5022, 
5081, 
5306, 
5893, 
6813, 
7825, 
8552, 
10160, 
10834, 
11636, 
12517, 
13078, 
13711, 
16691, 
17278, 
18810, 
19228, 
19258, 
19699, 
19884, 
1159, 
6622, 
7122, 
16456, 
3852, 
9596, 
19833, 
20935, 
17863, 
16844, 
33, 
158, 
2189, 
2874, 
3827, 
4375, 
4753, 
6498, 
7885, 
8268, 
8795, 
9197, 
13744, 
18243, 
18342, 
18841, 
18895, 
19233, 
19329, 
4373, 
6075, 
8143, 
9846, 
9971, 
12826, 
15156, 
18577, 
1242, 
17153, 
4310, 
20295, 
11414, 
6433, 
6490, 
16391, 
3261, 
6844, 
91, 
1636, 
1827, 
2835, 
3156, 
3255, 
3257, 
3598, 
3683, 
3761, 
4243, 
4423, 
4437, 
4481, 
6500, 
7398, 
7618, 
8403, 
8947, 
9286, 
9920, 
10068, 
10842, 
11909, 
15004, 
15178, 
15195, 
16523, 
17555, 
17765, 
18497, 
18698, 
19180, 
21288, 
11624, 
324, 
8248, 
19099, 
16727, 
17348, 
393, 
17103, 
130, 
2792, 
2376, 
7364, 
1671, 
1782, 
4159, 
5114, 
5446, 
5884, 
6222, 
7046, 
8351, 
9453, 
10148, 
10577, 
13769, 
15034, 
15490, 
15968, 
16262, 
16635, 
18286, 
19892, 
20236, 
260, 
5252, 
5436, 
1981, 
1269, 
4766, 
15187, 
1427, 
7646, 
17175, 
15581, 
18, 
1218, 
1728, 
1790, 
2285, 
3990, 
4335, 
4583, 
5384, 
5387, 
5940, 
6199, 
6625, 
6766, 
8913, 
11354, 
11996, 
13229, 
13787, 
14283, 
15182, 
17255, 
17761, 
17789, 
17790, 
18171, 
18864, 
20626, 
21220, 
4733, 
16252, 
19498, 
16731, 
21357, 
17135, 
2400, 
3779, 
11711, 
9967, 
15260, 
16738, 
3813, 
122, 
604, 
1287, 
1584, 
1624, 
1704, 
1712, 
3331, 
4992, 
6564, 
6723, 
6771, 
7158, 
7185, 
8332, 
8467, 
9368, 
10894, 
11004, 
11355, 
12057, 
12232, 
12608, 
13086, 
15628, 
16208, 
16482, 
16992, 
18384, 
18842, 
19472, 
19963, 
20369, 
20467, 
20717, 
21010, 
7689, 
9833, 
19717, 
11144, 
4893, 
7977, 
3884, 
10462, 
20160, 
16833, 
486, 
788, 
1016, 
1450, 
1660, 
2413, 
3229, 
3578, 
3709, 
3804, 
4237, 
4254, 
4649, 
5014, 
5396, 
6755, 
7093, 
7108, 
7349, 
8043, 
8087, 
9185, 
9778, 
9884, 
9918, 
9949, 
10786, 
12928, 
13048, 
15588, 
15918, 
17095, 
17565, 
17825, 
17836, 
18140, 
18282, 
19288, 
19654, 
20256, 
21093, 
21297, 
5092, 
16240, 
19554, 
16891, 
7893, 
14916, 
17026, 
20212, 
904, 
1821, 
2249, 
2395, 
2654, 
3961, 
4421, 
4731, 
4804, 
5305, 
6441, 
6698, 
6702, 
7153, 
7886, 
7895, 
9489, 
9938, 
10513, 
10596, 
11318, 
11679, 
14967, 
15003, 
15086, 
15127, 
15829, 
16453, 
16534, 
17587, 
18202, 
19146, 
19219, 
19386, 
19789, 
20753, 
21041, 
21043, 
3548, 
3925, 
7635, 
13735, 
15363, 
840, 
8988, 
17488, 
19136, 
20341, 
8693, 
10934, 
403, 
2091, 
2301, 
2716, 
3302, 
3468, 
5608, 
7050, 
7090, 
7259, 
7283, 
7485, 
7869, 
8712, 
9979, 
10147, 
10533, 
12568, 
14423, 
15280, 
15494, 
15587, 
15883, 
17746, 
18738, 
18739, 
19230, 
19609, 
19612, 
19907, 
21000, 
3497, 
21145, 
3868, 
16894, 
1103, 
6317, 
8756, 
9650, 
9, 
191, 
1127, 
2353, 
2386, 
3692, 
5537, 
6475, 
6993, 
7333, 
7981, 
8420, 
8889, 
10442, 
10492, 
11329, 
12290, 
12621, 
12889, 
15672, 
15962, 
16384, 
16517, 
16862, 
18879, 
19176, 
19830, 
19839, 
19881, 
4890, 
5390, 
9087, 
10073, 
12142, 
17763, 
4795, 
8417, 
11053, 
12460, 
2297, 
2458, 
3085, 
3237, 
4207, 
5524, 
5691, 
8572, 
8864, 
12667, 
15038, 
15267, 
15881, 
16820, 
18728, 
19470, 
19766, 
19782, 
20525, 
2198, 
11943, 
17538, 
4402, 
18280, 
1817, 
10003, 
19871, 
16793, 
17, 
643, 
2414, 
4543, 
5188, 
5441, 
5904, 
6734, 
7509, 
7928, 
8720, 
9609, 
10158, 
10202, 
10211, 
10437, 
10515, 
10992, 
11268, 
11412, 
11759, 
12345, 
13611, 
14282, 
14756, 
15173, 
16923, 
17889, 
18207, 
19690, 
20420, 
21007, 
4186, 
5229, 
2307, 
16166, 
4266, 
9922, 
15159, 
591, 
1029, 
1261, 
2138, 
3096, 
3355, 
3960, 
4235, 
4272, 
5833, 
6424, 
6674, 
7725, 
7986, 
8570, 
8739, 
8809, 
9677, 
11643, 
12000, 
12298, 
13083, 
15050, 
17447, 
17800, 
18019, 
18111, 
18715, 
18765, 
19666, 
20543, 
20816, 
21315, 
4842, 
8430, 
17861, 
7876, 
1808, 
532, 
1429, 
1518, 
1784, 
2589, 
2875, 
3620, 
6612, 
7696, 
7737, 
7741, 
8358, 
11034, 
15105, 
17666, 
18338, 
18410, 
20418, 
473, 
4213, 
14872, 
18523, 
9277, 
15554, 
1113, 
2283, 
2472, 
3846, 
4401, 
4448, 
4613, 
5374, 
5753, 
6636, 
7935, 
14479, 
14506, 
14972, 
15024, 
15232, 
15309, 
15458, 
15538, 
16416, 
16882, 
17643, 
17656, 
17697, 
18188, 
18379, 
18483, 
18562, 
18633, 
19436, 
19692, 
21114, 
21143, 
21429, 
12574, 
18176, 
20773, 
18938, 
18866, 
1021, 
19544, 
1825, 
3942, 
21, 
995, 
1238, 
1426, 
1690, 
2151, 
2431, 
2736, 
3139, 
3189, 
4952, 
5101, 
6290, 
6419, 
6842, 
7225, 
7252, 
8836, 
8926, 
9909, 
10496, 
10540, 
12978, 
13228, 
17804, 
18881, 
18901, 
19148, 
19571, 
19870, 
20839, 
20919, 
21279, 
18317, 
16163, 
1042, 
21319, 
4477, 
19849, 
11243, 
17657, 
7797, 
761, 
1319, 
1389, 
1531, 
1668, 
2129, 
3319, 
3926, 
5347, 
7109, 
9343, 
10151, 
10419, 
10805, 
11227, 
11312, 
12151, 
12205, 
12374, 
12831, 
13020, 
13063, 
13709, 
15513, 
16563, 
17561, 
18659, 
19159, 
19420, 
19437, 
19562, 
20477, 
21278, 
16713, 
7796, 
9861, 
17837, 
19366, 
17760, 
8707, 
11299, 
11388, 
6547, 
15614, 
12548, 
1006, 
2056, 
2218, 
2489, 
3091, 
3417, 
5745, 
6014, 
6287, 
6718, 
7411, 
8540, 
9303, 
9844, 
10057, 
10432, 
10541, 
12264, 
13874, 
13886, 
14149, 
15151, 
15849, 
16909, 
17008, 
18381, 
18827, 
19455, 
19735, 
4098, 
11816, 
7823, 
18801, 
18834, 
18548, 
11504, 
465, 
1003, 
1083, 
1223, 
1401, 
2277, 
2543, 
3618, 
3771, 
4100, 
4263, 
4839, 
5122, 
8428, 
9078, 
9492, 
9890, 
10482, 
11104, 
13089, 
13186, 
14608, 
15475, 
15775, 
18162, 
19104, 
19249, 
19449, 
20446, 
20669, 
20990, 
21483, 
7996, 
1254, 
11350, 
6451, 
6546, 
10702, 
17843, 
3117, 
682, 
1025, 
3120, 
3617, 
5503, 
6101, 
6122, 
6747, 
7156, 
7262, 
7415, 
7418, 
8832, 
9258, 
10022, 
10847, 
10950, 
12622, 
15440, 
16724, 
19577, 
19840, 
19859, 
20713, 
3336, 
5756, 
9725, 
11594, 
20824, 
12677, 
5234, 
477, 
537, 
1489, 
1788, 
2050, 
2738, 
3265, 
3921, 
5001, 
5097, 
6839, 
7762, 
7946, 
8514, 
8781, 
8917, 
9241, 
9383, 
9413, 
9476, 
10896, 
11002, 
12086, 
12289, 
13102, 
15025, 
15429, 
15517, 
15609, 
15773, 
15830, 
15920, 
16515, 
17678, 
17954, 
18558, 
18574, 
18795, 
18882, 
19207, 
19234, 
19757, 
19842, 
19891, 
20142, 
20355, 
20573, 
21399, 
5534, 
8222, 
9036, 
11285, 
9408, 
19713, 
12178, 
12925, 
585, 
753, 
1262, 
2046, 
2291, 
2882, 
3158, 
3194, 
3375, 
4318, 
4551, 
4687, 
6762, 
7759, 
8899, 
10852, 
10869, 
11954, 
11979, 
12349, 
14948, 
16025, 
16556, 
16573, 
17168, 
17349, 
17491, 
17570, 
18139, 
20689, 
21374, 
2768, 
4391, 
4867, 
15703, 
19333, 
3454, 
282, 
12767, 
13283, 
19223, 
21395, 
1558, 
599, 
997, 
1310, 
1596, 
2392, 
2481, 
2841, 
2888, 
3308, 
3856, 
5247, 
5596, 
8233, 
8921, 
9302, 
9353, 
9371, 
9432, 
9538, 
9563, 
10234, 
11419, 
11576, 
11915, 
11991, 
12566, 
12984, 
13174, 
14542, 
15479, 
16824, 
17827, 
17978, 
18191, 
19576, 
19858, 
4204, 
4810, 
8937, 
11150, 
18980, 
1918, 
4081, 
12680, 
12044, 
16481, 
194, 
333, 
845, 
984, 
1747, 
1998, 
2343, 
3663, 
3673, 
3752, 
5082, 
5421, 
5822, 
6824, 
7463, 
7848, 
9506, 
10889, 
12906, 
13015, 
14397, 
15555, 
15712, 
16345, 
18546, 
19193, 
19265, 
20937, 
20998, 
21291, 
9202, 
18652, 
16513, 
4315, 
836, 
1499, 
3665, 
6707, 
6760, 
17937, 
18298, 
20363, 
13225, 
1032, 
1233, 
2058, 
2720, 
3177, 
3919, 
4374, 
5590, 
6312, 
9434, 
11712, 
13117, 
14039, 
14090, 
14298, 
14994, 
15848, 
16295, 
18101, 
18955, 
19468, 
19613, 
2054, 
4677, 
9296, 
11024, 
14993, 
19776, 
7605, 
2596, 
10703, 
8040, 
21188, 
6217, 
7, 
911, 
947, 
2721, 
3244, 
4352, 
4592, 
4749, 
4981, 
5627, 
5987, 
6149, 
7166, 
7402, 
9229, 
10832, 
11510, 
11569, 
12845, 
13054, 
15296, 
15705, 
16403, 
16841, 
17003, 
17987, 
18077, 
18839, 
19130, 
19239, 
19299, 
21265, 
3463, 
9298, 
12459, 
4692, 
7740, 
11375, 
17426, 
131, 
1359, 
1403, 
1691, 
1924, 
2107, 
2612, 
3259, 
5069, 
5517, 
5560, 
6266, 
6901, 
7654, 
7896, 
8243, 
8334, 
9030, 
9589, 
10420, 
11562, 
11788, 
12015, 
12620, 
15216, 
16560, 
19464, 
19630, 
19811, 
21362, 
2084, 
7901, 
11557, 
15240, 
1281, 
1832, 
2769, 
5681, 
7217, 
7454, 
7827, 
8034, 
8265, 
8875, 
8900, 
8916, 
8957, 
9997, 
10130, 
10523, 
11942, 
12531, 
14086, 
15330, 
15631, 
15931, 
16007, 
16703, 
17559, 
19601, 
19761, 
145, 
7427, 
14262, 
18324, 
9046, 
9582, 
8861, 
9952, 
17776, 
5710, 
1818, 
2696, 
4607, 
4964, 
5077, 
5433, 
7434, 
7489, 
7603, 
7781, 
7822, 
9508, 
11454, 
11506, 
12238, 
13900, 
15054, 
15547, 
17104, 
17125, 
18174, 
18730, 
19615, 
19765, 
19902, 
20694, 
21075, 
21090, 
6665, 
7255, 
639, 
825, 
1676, 
2830, 
3108, 
3178, 
4168, 
4851, 
4907, 
5563, 
6378, 
9991, 
10722, 
11493, 
11524, 
11698, 
12069, 
12276, 
12512, 
12864, 
15035, 
16283, 
17540, 
18931, 
19608, 
20565, 
20898, 
20931, 
21258, 
8469, 
9874, 
10826, 
11975, 
1996, 
11661, 
9928, 
12999, 
1114, 
1603, 
1876, 
2210, 
2477, 
3209, 
4323, 
4858, 
4963, 
6874, 
7258, 
8717, 
10835, 
11489, 
11922, 
15966, 
16502, 
17115, 
17638, 
19074, 
19314, 
19866, 
21419, 
21576, 
5690, 
1632, 
15589, 
16211, 
147, 
1059, 
1418, 
1444, 
2017, 
2416, 
2419, 
2930, 
3693, 
4410, 
4841, 
5197, 
6530, 
7307, 
8320, 
9033, 
9447, 
10901, 
11360, 
11398, 
13011, 
15161, 
15294, 
15524, 
15788, 
16524, 
17340, 
17595, 
17696, 
18313, 
18794, 
19071, 
19260, 
19290, 
19895, 
20344, 
21024, 
21394, 
2695, 
20475, 
3023, 
16238, 
2638, 
17684, 
1276, 
1979, 
3843, 
3951, 
3974, 
4260, 
5126, 
5649, 
5668, 
8827, 
9870, 
10066, 
10595, 
10688, 
10987, 
11642, 
11973, 
12056, 
12237, 
12344, 
12559, 
12717, 
15774, 
16267, 
16339, 
16413, 
16776, 
16792, 
17552, 
18145, 
18187, 
18947, 
19744, 
19818, 
21126, 
6438, 
10131, 
1578, 
7747, 
9175, 
16109, 
21327, 
1041, 
6225, 
1329, 
1542, 
1635, 
1700, 
2018, 
2689, 
4395, 
4585, 
4734, 
5500, 
6035, 
6704, 
7091, 
7386, 
7438, 
7677, 
7970, 
8521, 
8690, 
8973, 
10241, 
11100, 
11741, 
12046, 
15684, 
16313, 
16460, 
16582, 
16637, 
17345, 
19838, 
20134, 
2523, 
6184, 
11575, 
10049, 
19618, 
13659, 
20740, 
19930, 
714, 
17849, 
409, 
909, 
1826, 
2560, 
3266, 
3368, 
3731, 
5448, 
6271, 
8436, 
8737, 
9038, 
9062, 
9063, 
9842, 
10315, 
11738, 
12871, 
13688, 
14966, 
17601, 
18141, 
18143, 
18305, 
21162, 
16249, 
8799, 
16336, 
17000, 
15894, 
326, 
978, 
1937, 
2852, 
3095, 
4408, 
4818, 
4895, 
5882, 
6228, 
8489, 
9232, 
9381, 
9622, 
9826, 
10430, 
10813, 
11378, 
11485, 
11597, 
11971, 
12141, 
12144, 
13098, 
14148, 
14932, 
16344, 
16927, 
18245, 
18351, 
19646, 
19883, 
21358, 
7644, 
8331, 
979, 
19255, 
720, 
6381, 
6640, 
7114, 
7270, 
7289, 
8551, 
8651, 
8846, 
9446, 
11309, 
11674, 
11833, 
11983, 
12212, 
12934, 
13180, 
13794, 
14631, 
15099, 
16378, 
16722, 
16885, 
17111, 
18751, 
19341, 
19702, 
20721, 
21071, 
8896, 
375, 
12647, 
13085, 
79, 
150, 
747, 
1098, 
2530, 
4135, 
4360, 
5035, 
5757, 
5988, 
7875, 
8281, 
11056, 
12186, 
14111, 
17532, 
17829, 
18241, 
18285, 
18550, 
18957, 
19413, 
19981, 
20410, 
21453, 
21460, 
11124, 
11161, 
20705, 
474, 
820, 
2411, 
2896, 
4912, 
5557, 
5821, 
6389, 
7016, 
7655, 
9363, 
10197, 
11401, 
12678, 
12865, 
13001, 
13797, 
14980, 
15784, 
16435, 
16830, 
17339, 
17354, 
18905, 
19514, 
19638, 
19855, 
20332, 
17956, 
2822, 
16112, 
471, 
479, 
609, 
899, 
2194, 
2641, 
2729, 
3018, 
4033, 
4042, 
4128, 
4244, 
6237, 
6858, 
7374, 
7947, 
10188, 
11062, 
11255, 
12331, 
14000, 
14907, 
15586, 
15734, 
16711, 
18201, 
19195, 
19208, 
19912, 
20887, 
21129, 
21217, 
110, 
20093, 
19110, 
9230, 
612, 
766, 
1402, 
1862, 
4146, 
4249, 
6610, 
6732, 
7149, 
7169, 
9980, 
10173, 
10305, 
10788, 
10883, 
11867, 
15599, 
16445, 
16455, 
17471, 
17589, 
18079, 
19320, 
20125, 
20775, 
21246, 
493, 
762, 
1195, 
1267, 
1866, 
2603, 
3251, 
3416, 
3781, 
5953, 
8410, 
9921, 
10872, 
11370, 
11921, 
11982, 
12373, 
13164, 
13703, 
13876, 
14263, 
15333, 
15368, 
15596, 
15878, 
16702, 
16710, 
16831, 
17315, 
17627, 
18958, 
19809, 
20035, 
21434, 
19428, 
19510, 
2036, 
2108, 
3394, 
17734, 
457, 
1203, 
1282, 
1332, 
1755, 
2235, 
2248, 
3053, 
3638, 
3941, 
4418, 
5581, 
6256, 
7475, 
7988, 
9981, 
10127, 
10998, 
11517, 
12611, 
14779, 
14913, 
15217, 
19465, 
20356, 
20699, 
8022, 
15826, 
11453, 
15736, 
807, 
819, 
1485, 
2717, 
4086, 
5248, 
5521, 
5567, 
7145, 
7865, 
8834, 
9289, 
10025, 
11883, 
13193, 
14896, 
15393, 
15660, 
18251, 
19928, 
19954, 
11824, 
12427, 
17453, 
21500, 
1104, 
2142, 
2369, 
3322, 
3325, 
4198, 
4312, 
4566, 
4655, 
5873, 
6021, 
6166, 
6508, 
7274, 
7309, 
7672, 
8687, 
9340, 
9460, 
11590, 
12213, 
12309, 
12360, 
14135, 
15533, 
16566, 
16586, 
16873, 
17472, 
17774, 
18758, 
18892, 
19430, 
19777, 
20190, 
21193, 
9959, 
1179, 
1607, 
2394, 
2509, 
2778, 
2903, 
3193, 
3327, 
4097, 
4563, 
6517, 
6559, 
7480, 
8751, 
9783, 
9800, 
10139, 
10535, 
10678, 
11373, 
12975, 
13096, 
15191, 
15803, 
16449, 
16574, 
16576, 
16685, 
16697, 
16826, 
16872, 
17323, 
17326, 
17856, 
18913, 
19663, 
19796, 
20612, 
20886, 
3062, 
8792, 
16832, 
4691, 
7650, 
12442, 
17502, 
980, 
1684, 
2356, 
3608, 
5620, 
5947, 
6602, 
9808, 
9854, 
10579, 
10843, 
10965, 
11873, 
12228, 
12567, 
12637, 
12973, 
13037, 
14554, 
15760, 
16718, 
16863, 
18687, 
18762, 
19263, 
19649, 
19815, 
21223, 
8115, 
10422, 
10278, 
2833, 
18726, 
149, 
736, 
961, 
2114, 
2728, 
3383, 
3515, 
3886, 
4496, 
4497, 
5489, 
7847, 
8685, 
8986, 
9147, 
9484, 
10877, 
11582, 
11895, 
12527, 
15787, 
16477, 
16925, 
18813, 
18921, 
18979, 
20691, 
19797, 
14888, 
9679, 
1300, 
1415, 
1847, 
2540, 
2656, 
3376, 
3405, 
5395, 
6160, 
6200, 
6246, 
6277, 
6320, 
6423, 
7448, 
7809, 
7831, 
10000, 
10245, 
10498, 
10836, 
11009, 
11603, 
15376, 
15473, 
15811, 
17524, 
18906, 
19189, 
21150, 
21225, 
8439, 
10890, 
2889, 
3263, 
3491, 
3496, 
4697, 
4978, 
5578, 
5910, 
8027, 
8998, 
9146, 
10426, 
10831, 
10860, 
10909, 
13060, 
15497, 
15983, 
16224, 
21104, 
3957, 
8691, 
12195, 
8, 
381, 
631, 
737, 
1283, 
1664, 
1667, 
3391, 
3596, 
3632, 
3893, 
5672, 
6461, 
7253, 
7799, 
9915, 
10327, 
10480, 
13035, 
13128, 
14594, 
14925, 
15162, 
15545, 
16879, 
17716, 
17772, 
18073, 
18689, 
19183, 
19243, 
19286, 
19682, 
20398, 
20912, 
21229, 
21318, 
1729, 
16680, 
84, 
727, 
1423, 
1572, 
2371, 
2907, 
4002, 
4967, 
5272, 
5455, 
5547, 
6229, 
6956, 
7060, 
7482, 
7756, 
9009, 
9888, 
10218, 
11346, 
11722, 
12053, 
12339, 
12450, 
12956, 
15396, 
18444, 
19035, 
19119, 
20539, 
20545, 
21401, 
4919, 
16023, 
13993, 
941, 
1335, 
1473, 
2116, 
2179, 
2268, 
2319, 
2372, 
2712, 
3168, 
3385, 
3422, 
3444, 
3507, 
3643, 
3830, 
3966, 
3993, 
4879, 
4931, 
6255, 
11760, 
12068, 
12111, 
12363, 
12935, 
12953, 
14077, 
15168, 
17510, 
17703, 
19337, 
20786, 
21141, 
7342, 
9488, 
127, 
1835, 
2165, 
2487, 
4162, 
4236, 
4557, 
4748, 
4857, 
5431, 
5505, 
5735, 
7430, 
7985, 
10436, 
11143, 
11311, 
11566, 
13211, 
13212, 
14266, 
15492, 
15498, 
15992, 
16602, 
17262, 
18341, 
18768, 
19585, 
19602, 
20157, 
3161, 
14310, 
3984, 
5352, 
5366, 
524, 
544, 
2853, 
3059, 
3101, 
4815, 
5466, 
7246, 
8386, 
9086, 
9520, 
10194, 
11872, 
11874, 
12256, 
12932, 
15274, 
15466, 
17500, 
18246, 
18402, 
18934, 
19068, 
19391, 
21018, 
272, 
630, 
1802, 
2296, 
2810, 
5063, 
8396, 
8531, 
8719, 
9505, 
9738, 
12504, 
14543, 
15128, 
19042, 
19342, 
20581, 
21073, 
21247, 
3906, 
4443, 
9552, 
10743, 
21379, 
39, 
626, 
1352, 
2085, 
2767, 
3479, 
6724, 
7384, 
7665, 
7717, 
9000, 
9522, 
10116, 
11015, 
11210, 
11361, 
11791, 
12964, 
14999, 
15731, 
16086, 
16647, 
17076, 
17113, 
18485, 
19268, 
19280, 
19861, 
8700, 
9581, 
17870, 
153, 
732, 
1732, 
1749, 
2370, 
3948, 
5903, 
5962, 
7335, 
7963, 
8341, 
9449, 
10232, 
12059, 
12329, 
12537, 
16648, 
16716, 
19032, 
19184, 
19841, 
20137, 
10582, 
305, 
3574, 
6402, 
18526, 
174, 
1881, 
2312, 
3205, 
4426, 
4932, 
6456, 
7435, 
7548, 
7993, 
8046, 
11755, 
12719, 
12885, 
14882, 
15010, 
15754, 
16203, 
16395, 
17675, 
18015, 
18667, 
19334, 
19362, 
3646, 
16264, 
13073, 
5787, 
6090, 
3183, 
5041, 
5175, 
6905, 
7455, 
8282, 
8434, 
8831, 
9976, 
10928, 
12074, 
12315, 
13076, 
13796, 
15836, 
16157, 
17056, 
17163, 
17866, 
18133, 
19324, 
19814, 
21228, 
15227, 
1816, 
2433, 
3221, 
4270, 
5463, 
5586, 
5647, 
5832, 
6132, 
6218, 
6907, 
7316, 
8948, 
9043, 
9161, 
10895, 
12980, 
13136, 
13884, 
14314, 
15100, 
16597, 
17116, 
17189, 
17355, 
19929, 
21142, 
11225, 
2513, 
10106, 
805, 
3841, 
4489, 
6660, 
7365, 
8496, 
10054, 
10320, 
11847, 
12749, 
13200, 
15250, 
15979, 
18093, 
18930, 
15166, 
6388, 
15824, 
13280, 
18075, 
863, 
1490, 
2261, 
2498, 
3163, 
3566, 
5597, 
5919, 
6413, 
6671, 
8329, 
8914, 
11157, 
11182, 
11670, 
12193, 
15324, 
15724, 
16497, 
17667, 
17868, 
18021, 
18398, 
18920, 
19956, 
21302, 
8225, 
16600, 
21273, 
9206, 
15214, 
16658, 
18745, 
125, 
482, 
503, 
1099, 
3427, 
4994, 
5007, 
5276, 
5299, 
6054, 
6092, 
7212, 
9891, 
10440, 
12201, 
15484, 
15645, 
15912, 
15988, 
16409, 
18300, 
19300, 
12989, 
6376, 
369, 
1743, 
9912, 
10038, 
11725, 
12049, 
14961, 
16170, 
17333, 
18416, 
19346, 
7396, 
20225, 
16306, 
11986, 
2500, 
633, 
1577, 
1950, 
2818, 
3389, 
3705, 
6219, 
6502, 
16684, 
16688, 
21030, 
4143, 
10470, 
1798, 
3712, 
3839, 
3967, 
10732, 
10764, 
12354, 
16488, 
17178, 
17644, 
18441, 
21503, 
2287, 
4884, 
10748, 
5516, 
12519, 
371, 
4309, 
4588, 
5564, 
8927, 
10845, 
10873, 
12895, 
15292, 
16527, 
16944, 
17541, 
20681, 
20877, 
15194, 
651, 
4669, 
4796, 
6836, 
7381, 
9911, 
10051, 
20324, 
7629, 
206, 
4704, 
5010, 
10200, 
10816, 
10954, 
15691, 
21411, 
4760, 
10512, 
10744, 
15674, 
7126, 
3409, 
5330, 
6309, 
15102, 
17158, 
2196, 
2405, 
7968, 
12722, 
15075, 
16466, 
17984, 
18583, 
15239, 
1595, 
2570, 
13189, 
18600, 
2799, 
19958, 
17418, 
214, 
1000, 
2636, 
9471, 
9931, 
12991, 
14629, 
18638, 
19927, 
2357, 
6752, 
16577, 
19909, 
281, 
6936, 
7789, 
9099, 
10543, 
11049, 
14652, 
17413, 
19185, 
4197, 
5130, 
5198, 
6562, 
9817, 
10071, 
13038, 
15306, 
17770, 
6410, 
20608, 
2647, 
4180, 
5406, 
5628, 
7102, 
8782, 
385, 
1138, 
6162, 
7465, 
16398, 
17539, 
9112, 
1466, 
4347, 
4663, 
5956, 
6425, 
11522, 
12300, 
14680, 
18183, 
18632, 
19283, 
2998, 
7001, 
2375, 
5513, 
3864, 
3303, 
5986, 
7715, 
11099, 
20982, 
14921, 
17173, 
123, 
1637, 
3656, 
6082, 
7931, 
9127, 
10434, 
19403, 
3086, 
7771, 
8100, 
16278, 
1434, 
3703, 
7059, 
12378, 
4132, 
10311, 
768, 
17874, 
6887, 
8727, 
9196, 
11026, 
15713, 
16868, 
20300, 
19041, 
7775, 
3907, 
7119, 
14949, 
19181, 
21103, 
10981, 
6322, 
10339, 
12116, 
15644, 
16555, 
17286, 
11639, 
19241, 
9954, 
70, 
463, 
1366, 
1455, 
4514, 
9351, 
4145, 
5558, 
7003, 
10006, 
12699, 
19315, 
19611, 
21261, 
15325, 
4564, 
4868, 
6349, 
6725, 
10113, 
11332, 
14730, 
15924, 
18811, 
9940, 
9886, 
17911, 
3293, 
9707, 
15031, 
17093, 
17992, 
1634, 
6049, 
13135, 
15605, 
17162, 
3490, 
7486, 
1723, 
3518, 
8542, 
6215, 
13265, 
970, 
15696, 
15964, 
21175, 
7925, 
18532, 
2661, 
5124, 
6923, 
14733, 
14997, 
12827, 
331, 
14689, 
15263, 
852, 
7067, 
7473, 
8163, 
8423, 
12605, 
13702, 
15427, 
18709, 
4876, 
9106, 
12965, 
16905, 
2362, 
6927, 
1874, 
2785, 
6144, 
8689, 
11235, 
16343, 
21040, 
8441, 
441, 
4506, 
5411, 
5497, 
18502, 
19800, 
19903, 
12449, 
706, 
5484, 
12, 
366, 
2317, 
3276, 
7684, 
3267, 
2331, 
11625, 
16427, 
9402, 
7174, 
3320, 
5705, 
11220, 
11910, 
8085, 
3563, 
10078, 
279, 
1689, 
2366, 
5379, 
5493, 
10858, 
12322, 
15380, 
8943, 
391, 
8753, 
14830, 
15416, 
15936, 
16178, 
19395, 
16501, 
9445, 
4989, 
9139, 
1991, 
7216, 
14143, 
20745, 
21269, 
4308, 
10206, 
10521, 
13707, 
18760, 
2937, 
8082, 
17192, 
19581, 
19752, 
2024, 
4861, 
6361, 
7558, 
9455, 
15080, 
18292, 
16998, 
17004, 
3039, 
5038, 
6797, 
10007, 
10273, 
12600, 
15342, 
16949, 
2805, 
912, 
3778, 
4751, 
11196, 
17479, 
17681, 
6463, 
2914, 
4503, 
5123, 
5281, 
7763, 
9077, 
11539, 
12286, 
19080, 
16430, 
9638, 
11403, 
20292, 
11654, 
8346, 
16207, 
17812, 
8647, 
16855, 
265, 
721, 
4982, 
10777, 
14485, 
21472, 
1618, 
3758, 
13614, 
17048, 
2289, 
5719, 
8906, 
13568, 
9734, 
2533, 
2575, 
2718, 
5526, 
9448, 
9509, 
10140, 
14909, 
6368, 
15181, 
16887, 
18228, 
748, 
3509, 
3986, 
8039, 
12533, 
16323, 
21336, 
18891, 
2759, 
549, 
9345, 
13689, 
18975, 
14827, 
16677, 
16979, 
1544, 
2668, 
6195, 
10893, 
14504, 
16402, 
18573, 
11752, 
4052, 
4127, 
21304, 
8595, 
564, 
4147, 
9771, 
10918, 
14616, 
14691, 
9907, 
2100, 
12861, 
17422, 
18356, 
18500, 
19620, 
16176, 
18267, 
3923, 
3157, 
5107, 
14441, 
15857, 
16093, 
1073, 
5032, 
966, 
5667, 
11202, 
12857, 
18018, 
15488, 
983, 
7733, 
3953, 
9160, 
9785, 
10342, 
14679, 
16579, 
17302, 
3013, 
6819, 
2492, 
2819, 
7578, 
16618, 
408, 
6561, 
17907, 
17993, 
5322, 
10456, 
12314, 
16175, 
18029, 
1198, 
3775, 
5291, 
8838, 
11423, 
15716, 
18511, 
19127, 
3592, 
4055, 
15956, 
16613, 
1060, 
4202, 
10468, 
16411, 
302, 
4953, 
1019, 
7918, 
5746, 
6110, 
7532, 
8477, 
9246, 
10328, 
21120, 
2186, 
12987, 
12279, 
2505, 
6053, 
12138, 
18888, 
652, 
5585, 
8780, 
8853, 
18348, 
20546, 
2544, 
5952, 
9480, 
12134, 
3878, 
11218, 
12319, 
14975, 
18697, 
56, 
9065, 
19415, 
355, 
19378, 
21169, 
7560, 
2080, 
4488, 
15814, 
16124, 
16603, 
882, 
8873, 
9210, 
10187, 
12947, 
19397, 
6189, 
7791, 
12485, 
13178, 
10753, 
14359, 
17146, 
9706, 
7552, 
17965, 
20517, 
4069, 
7872, 
9804, 
10474, 
18210, 
9637, 
7443, 
7779, 
9485, 
16364, 
8091, 
4429, 
4527, 
11279, 
19707, 
8743, 
5250, 
8512, 
10302, 
12389, 
14982, 
2916, 
4229, 
6025, 
21201, 
356, 
6605, 
3645, 
5789, 
10313, 
15955, 
18567, 
3505, 
4427, 
5730, 
8653, 
9641, 
21046, 
4299, 
8771, 
13210, 
14758, 
3630, 
8854, 
15932, 
16414, 
7659, 
11418, 
15371, 
3912, 
10272, 
15125, 
15212, 
11260, 
17232, 
4133, 
6985, 
9421, 
11239, 
15073, 
16859, 
20831, 
3372, 
4962, 
5514, 
10275, 
13051, 
14324, 
14883, 
15389, 
8820, 
19291, 
8569, 
3716, 
16829, 
18471, 
19101, 
19111, 
17618, 
8444, 
902, 
13245, 
15722, 
21567, 
17886, 
5917, 
9205, 
11217, 
6742, 
2491, 
18318, 
20790, 
5587, 
14406, 
16483, 
17557, 
9658, 
17771, 
1904, 
11188, 
17592, 
12025, 
13187, 
16723, 
1080, 
10340, 
19006, 
16604, 
9307, 
8065, 
8205, 
6722, 
1156, 
2917, 
16961, 
454, 
3675, 
8778, 
9223, 
9247, 
20396, 
21407, 
16656, 
20351, 
5825, 
8311, 
10798, 
16898, 
18412, 
10005, 
10784, 
17212, 
3396, 
4461, 
11253, 
5788, 
7870, 
13772, 
14666, 
6346, 
4933, 
11406, 
20987, 
8216, 
9526, 
18438, 
2542, 
1739, 
4001, 
677, 
6869, 
959, 
1084, 
18134, 
12409, 
7319, 
8497, 
17961, 
5472, 
18679, 
13576, 
2910, 
4524, 
7130, 
1292, 
10694, 
922, 
3924, 
12395, 
12513, 
5203, 
8907, 
2381, 
1733, 
12390, 
20168, 
10117, 
5948, 
2597, 
9755, 
16562, 
7596, 
18917, 
1994, 
2010, 
8258, 
5890, 
15421, 
4233, 
17839, 
6432, 
2745, 
3657, 
12977, 
674, 
5159, 
16995, 
3188, 
5777, 
12370, 
17416, 
362, 
2900, 
6815, 
10608, 
17402, 
11827, 
11325, 
17079, 
5156, 
19050, 
13266, 
19869, 
390, 
9156, 
17931, 
19589, 
1376, 
10916, 
6340, 
14863, 
21335, 
15149, 
4232, 
11889, 
16443, 
17783, 
17805, 
3075, 
8068, 
8162, 
17327, 
1696, 
7645, 
8130, 
10361, 
12903, 
2739, 
19505, 
7927, 
11349, 
12261, 
6353, 
6363, 
4621, 
18579, 
19553, 
4647, 
5961, 
21438, 
16389, 
11014, 
15781, 
14938, 
15014, 
18278, 
9487, 
15218, 
18468, 
13256, 
4689, 
13790, 
19540, 
21541, 
19575, 
1414, 
10030, 
6428, 
16589, 
6202, 
4593, 
17460, 
7200, 
19069, 
14352, 
19471, 
3217, 
7423, 
20873, 
176, 
17499, 
3991, 
8166, 
894, 
12156, 
10829, 
627, 
7904, 
15794, 
7155, 
2652, 
3298, 
12039, 
13606, 
3987, 
9490, 
1213, 
15417, 
17519, 
17486, 
19191, 
17480, 
9736, 
9733, 
5726, 
7186, 
15255, 
7056, 
6914, 
16146, 
9328, 
17478, 
16132, 
16183, 
13250, 
17294, 
15813, 
635, 
6891, 
15451, 
1902, 
8964, 
17490, 
10398, 
12209, 
6633, 
3798, 
6060, 
10080, 
311, 
1370, 
19968, 
17903, 
9978, 
4246, 
7767, 
10676, 
12811, 
16332, 
4049, 
637, 
853, 
6928, 
6328, 
16733, 
15041, 
16596, 
18186, 
13420, 
16198, 
8630, 
4518, 
9281, 
17506, 
7765, 
4303, 
18071, 
11776, 
15454, 
9636, 
4027, 
9687, 
9142, 
18625, 
8618, 
8944, 
17876, 
19083, 
17101, 
20508, 
10292, 
1227, 
4317, 
4724, 
13662, 
7933, 
11863, 
3284, 
16358, 
2973, 
3048, 
11292, 
9279, 
18252, 
276, 
12790, 
2828, 
6471, 
20270, 
6481, 
180, 
13649, 
19530, 
3869, 
5039, 
17574, 
17497, 
3682, 
12292, 
16130, 
16215, 
20782, 
2221, 
7705, 
8506, 
16423, 
7811, 
4223, 
19485, 
18578, 
17415, 
13752, 
16784, 
4016, 
3861, 
236, 
8628, 
8666, 
20064, 
247, 
316, 
2251, 
4665, 
10291, 
4174, 
12521, 
367, 
1252, 
2475, 
20095, 
19157, 
4026, 
19039, 
15765, 
20823, 
16139, 
12443, 
15254, 
1854, 
1535, 
13216, 
7742, 
6541, 
6708, 
11213, 
15639, 
7290, 
5851, 
15364, 
15678, 
21340, 
15556, 
16216, 
2988, 
5888, 
18621, 
5298, 
19211, 
7391, 
8839, 
17405, 
5131, 
21572, 
17438, 
11490, 
21486, 
2775, 
4130, 
8136, 
1682, 
7088, 
19289, 
19897, 
3488, 
1836, 
1911, 
8483, 
5386, 
5230, 
5311, 
15382, 
20867, 
8272, 
10931, 
15063, 
5214, 
 ]