For query: Democrats’ welfare and healthcare reform policies
[ 
226, 
225, 
54, 
32, 
55, 
181, 
18, 
209, 
61, 
263, 
238, 
179, 
236, 
237, 
308, 
28, 
335, 
150, 
68, 
365, 
1, 
366, 
334, 
313, 
301, 
182, 
247, 
344, 
370, 
294, 
328, 
233, 
364, 
333, 
39, 
224, 
414, 
198, 
264, 
25, 
107, 
329, 
397, 
324, 
175, 
141, 
190, 
331, 
241, 
373, 
384, 
117, 
359, 
340, 
149, 
137, 
300, 
120, 
213, 
21, 
272, 
375, 
20, 
262, 
266, 
205, 
274, 
269, 
192, 
320, 
51, 
170, 
321, 
2, 
303, 
291, 
47, 
325, 
246, 
257, 
256, 
10, 
409, 
45, 
289, 
401, 
70, 
188, 
351, 
295, 
354, 
307, 
67, 
228, 
109, 
311, 
288, 
243, 
140, 
419, 
346, 
367, 
279, 
69, 
379, 
348, 
218, 
64, 
312, 
33, 
302, 
161, 
305, 
74, 
135, 
153, 
178, 
13, 
174, 
23, 
265, 
380, 
362, 
232, 
403, 
339, 
352, 
121, 
214, 
281, 
220, 
385, 
26, 
144, 
155, 
276, 
96, 
356, 
223, 
131, 
253, 
280, 
104, 
382, 
44, 
156, 
390, 
157, 
315, 
342, 
219, 
177, 
234, 
326, 
79, 
249, 
159, 
363, 
386, 
260, 
322, 
100, 
242, 
235, 
387, 
306, 
374, 
287, 
248, 
19, 
251, 
57, 
176, 
211, 
239, 
394, 
275, 
106, 
244, 
199, 
8, 
84, 
372, 
271, 
377, 
221, 
406, 
15, 
4, 
16, 
330, 
304, 
136, 
349, 
56, 
172, 
355, 
125, 
207, 
293, 
369, 
227, 
46, 
184, 
206, 
145, 
185, 
347, 
50, 
319, 
208, 
240, 
230, 
350, 
273, 
270, 
358, 
134, 
123, 
229, 
119, 
154, 
195, 
187, 
118, 
48, 
35, 
173, 
114, 
292, 
259, 
158, 
388, 
5, 
393, 
3, 
112, 
167, 
413, 
327, 
200, 
169, 
17, 
408, 
34, 
202, 
27, 
212, 
415, 
58, 
278, 
194, 
341, 
7, 
317, 
215, 
62, 
80, 
75, 
250, 
338, 
113, 
318, 
90, 
267, 
286, 
345, 
40, 
258, 
381, 
127, 
290, 
6, 
81, 
314, 
361, 
231, 
210, 
353, 
389, 
222, 
245, 
402, 
368, 
180, 
254, 
323, 
110, 
252, 
203, 
316, 
197, 
337, 
130, 
411, 
357, 
297, 
105, 
309, 
97, 
 ]