For query: George Bush with k1=1.2 and b=0.75
[ 
20891, 
8593, 
4008, 
16780, 
20719, 
3560, 
16824, 
8500, 
2711, 
7525, 
20860, 
2796, 
4853, 
10400, 
6564, 
2766, 
5459, 
21393, 
2733, 
255, 
10682, 
16115, 
5334, 
16229, 
15284, 
7469, 
17150, 
15478, 
286, 
2356, 
12009, 
17647, 
871, 
6065, 
6423, 
8554, 
1667, 
16318, 
43, 
4737, 
8053, 
13507, 
18160, 
16730, 
5405, 
11380, 
16575, 
854, 
965, 
9002, 
12605, 
15427, 
15880, 
14914, 
5574, 
15342, 
12460, 
15405, 
15439, 
6989, 
4098, 
18867, 
6296, 
17181, 
19003, 
19033, 
3014, 
16550, 
1502, 
5157, 
6744, 
9247, 
18443, 
21376, 
1022, 
1729, 
9755, 
6882, 
18330, 
6940, 
16218, 
16090, 
16199, 
3938, 
15363, 
18472, 
8765, 
6062, 
9150, 
17356, 
12261, 
9342, 
18579, 
16389, 
18442, 
3366, 
14809, 
20099, 
7186, 
17119, 
18688, 
2802, 
17004, 
13246, 
925, 
14749, 
7765, 
5711, 
12720, 
20571, 
21379, 
18148, 
19828, 
19958, 
7471, 
178, 
19485, 
19760, 
12709, 
17305, 
3563, 
11624, 
8252, 
8009, 
342, 
3390, 
7326, 
10725, 
12806, 
12002, 
18961, 
12209, 
28, 
6656, 
6896, 
4764, 
5631, 
19589, 
12967, 
 ]